
p=1000;
r=10/100;
n=2;
debt=p*(1+r)^n
